{
  "camera_angle_x": 0.6194058656692505,
  "frames": [
    {
      "file_path": "./train/r_0",
      "rotation": 0.012566370614359171,
      "transform_matrix": [
        [
          -0.9754950404167175,
          -0.1484755426645279,
          -0.16237139701843262,
          -0.6545401215553284
        ],
        [
          -0.22002151608467102,
          0.6582863330841064,
          0.7198954820632935,
          2.901991844177246
        ],
        [
          0.0,
          0.7379797697067261,
          -0.6748228073120117,
          -2.7202980518341064
        ],
        [
          0.0,
          0.0,
          0.0,
          1.0
        ]
      ]
    },
    {
      "file_path": "./train/r_1",
      "rotation": 0.012566370614359171,
      "transform_matrix": [
        [
          -0.9601329565048218,
          0.06956244260072708,
          -0.27075058221817017,
          -1.0914306640625
        ],
        [
          -0.27954399585723877,
          -0.23892194032669067,
          0.9299307465553284,
          3.748671054840088
        ],
        [
          0.0,
          0.9685437679290771,
          0.24884258210659027,
          1.0031166076660156
        ],
        [
          0.0,
          0.0,
          0.0,
          1.0
        ]
      ]
    },
    {
      "file_path": "./train/r_2",
      "rotation": 0.012566370614359171,
      "transform_matrix": [
        [
          -0.8944634795188904,
          -0.29777172207832336,
          0.3335669934749603,
          1.344651699066162
        ],
        [
          0.4471408724784851,
          -0.5956645011901855,
          0.6672695875167847,
          2.689850091934204
        ],
        [
          0.0,
          0.745999813079834,
          0.6659460663795471,
          2.6845147609710693
        ],
        [
          0.0,
          0.0,
          0.0,
          1.0
        ]
      ]
    },
    {
      "file_path": "./train/r_3",
      "rotation": 0.012566370614359171,
      "transform_matrix": [
        [
          -0.023383477702736855,
          0.11282163858413696,
          0.9933400750160217,
          4.004281997680664
        ],
        [
          0.9997265934944153,
          0.002638883888721466,
          0.02323409728705883,
          0.09365963935852051
        ],
        [
          -2.3283064365386963e-10,
          0.993611752986908,
          -0.11285249888896942,
          -0.45492297410964966
        ],
        [
          0.0,
          0.0,
          0.0,
          1.0
        ]
      ]
    },
    {
      "file_path": "./train/r_4",
      "rotation": 0.012566370614359171,
      "transform_matrix": [
        [
          0.0023611660581082106,
          0.05203204229474068,
          0.9986425638198853,
          4.0256571769714355
        ],
        [
          0.9999972581863403,
          -0.00012285663979128003,
          -0.0023579674307256937,
          -0.009505271911621094
        ],
        [
          1.4551916963090328e-11,
          0.9986452460289001,
          -0.052032191306352615,
          -0.20974849164485931
        ],
        [
          0.0,
          0.0,
          0.0,
          1.0
        ]
      ]
    },
    {
      "file_path": "./train/r_5",
      "rotation": 0.012566370614359171,
      "transform_matrix": [
        [
          -0.7694109082221985,
          -0.14660325646400452,
          -0.6217026710510254,
          -2.5061635971069336
        ],
        [
          -0.6387540102005005,
          0.1765909045934677,
          0.7488716840744019,
          3.018798351287842
        ],
        [
          7.450580596923828e-09,
          0.9733051657676697,
          -0.22951440513134003,
          -0.9252021312713623
        ],
        [
          0.0,
          0.0,
          0.0,
          1.0
        ]
      ]
    },
    {
      "file_path": "./train/r_6",
      "rotation": 0.012566370614359171,
      "transform_matrix": [
        [
          -0.8640074729919434,
          0.056865982711315155,
          0.5002572536468506,
          2.0166015625
        ],
        [
          0.50347900390625,
          0.0975862666964531,
          0.8584787249565125,
          3.4606385231018066
        ],
        [
          -3.725290742551124e-09,
          0.9936010241508484,
          -0.11294609308242798,
          -0.4553002715110779
        ],
        [
          0.0,
          0.0,
          0.0,
          1.0
        ]
      ]
    },
    {
      "file_path": "./train/r_7",
      "rotation": 0.012566370614359171,
      "transform_matrix": [
        [
          -0.793992280960083,
          0.014652137644588947,
          0.607751190662384,
          2.4499237537384033
        ],
        [
          0.6079278588294983,
          0.019136618822813034,
          0.7937615513801575,
          3.1997554302215576
        ],
        [
          0.0,
          0.9997095465660095,
          -0.02410176768898964,
          -0.09715734422206879
        ],
        [
          0.0,
          0.0,
          0.0,
          1.0
        ]
      ]
    },
    {
      "file_path": "./train/r_8",
      "rotation": 0.012566370614359171,
      "transform_matrix": [
        [
          -0.5875349640846252,
          0.7869558334350586,
          -0.1884230673313141,
          -0.7595577239990234
        ],
        [
          -0.8091988563537598,
          -0.5713849663734436,
          0.13680830597877502,
          0.5514919757843018
        ],
        [
          -1.4901161193847656e-08,
          0.23285116255283356,
          0.9725123047828674,
          3.9203226566314697
        ],
        [
          0.0,
          0.0,
          0.0,
          1.0
        ]
      ]
    },
    {
      "file_path": "./train/r_9",
      "rotation": 0.012566370614359171,
      "transform_matrix": [
        [
          -0.45208820700645447,
          0.08876685798168182,
          -0.8875453472137451,
          -3.5778095722198486
        ],
        [
          -0.8919733762741089,
          -0.04499063268303871,
          0.4498438835144043,
          1.8133785724639893
        ],
        [
          0.0,
          0.995035707950592,
          0.09951741248369217,
          0.40116751194000244
        ],
        [
          0.0,
          0.0,
          0.0,
          1.0
        ]
      ]
    },
    {
      "file_path": "./train/r_10",
      "rotation": 0.012566370614359171,
      "transform_matrix": [
        [
          0.9926120638847351,
          0.04207466170191765,
          0.11380243301391602,
          0.45875227451324463
        ],
        [
          0.12133125215768814,
          -0.34421318769454956,
          -0.9310187697410583,
          -3.753056764602661
        ],
        [
          0.0,
          0.9379482865333557,
          -0.3467751443386078,
          -1.397895336151123
        ],
        [
          0.0,
          0.0,
          0.0,
          1.0
        ]
      ]
    },
    {
      "file_path": "./train/r_11",
      "rotation": 0.012566370614359171,
      "transform_matrix": [
        [
          0.5816230773925781,
          -0.5793254971504211,
          0.5710486173629761,
          2.3019707202911377
        ],
        [
          0.8134583830833435,
          0.4142179489135742,
          -0.40829998254776,
          -1.6459099054336548
        ],
        [
          0.0,
          0.7020009756088257,
          0.7121759057044983,
          2.870872974395752
        ],
        [
          0.0,
          0.0,
          0.0,
          1.0
        ]
      ]
    },
    {
      "file_path": "./train/r_12",
      "rotation": 0.012566370614359171,
      "transform_matrix": [
        [
          -0.9480983018875122,
          0.2326076775789261,
          0.21680253744125366,
          0.8739590644836426
        ],
        [
          0.3179774880409241,
          0.6935551166534424,
          0.646429717540741,
          2.605841875076294
        ],
        [
          1.4901162970204496e-08,
          0.6818172931671143,
          -0.7315223813056946,
          -2.9488613605499268
        ],
        [
          0.0,
          0.0,
          0.0,
          1.0
        ]
      ]
    },
    {
      "file_path": "./train/r_13",
      "rotation": 0.012566370614359171,
      "transform_matrix": [
        [
          0.4135655164718628,
          0.26583150029182434,
          -0.8708025217056274,
          -3.51031756401062
        ],
        [
          -0.9104744791984558,
          0.1207488477230072,
          -0.3955453038215637,
          -1.5944942235946655
        ],
        [
          -7.450582373280668e-09,
          0.9564272165298462,
          0.29197031259536743,
          1.17697012424469
        ],
        [
          0.0,
          0.0,
          0.0,
          1.0
        ]
      ]
    },
    {
      "file_path": "./train/r_14",
      "rotation": 0.012566370614359171,
      "transform_matrix": [
        [
          -0.9997804760932922,
          -0.004428272135555744,
          -0.02048291452229023,
          -0.08256927132606506
        ],
        [
          -0.0209561325609684,
          0.21126513183116913,
          0.9772040843963623,
          3.9392356872558594
        ],
        [
          0.0,
          0.9774187803268433,
          -0.21131151914596558,
          -0.8518239855766296
        ],
        [
          0.0,
          0.0,
          0.0,
          1.0
        ]
      ]
    },
    {
      "file_path": "./train/r_15",
      "rotation": 0.012566370614359171,
      "transform_matrix": [
        [
          -0.9999589920043945,
          -0.007714532315731049,
          0.004757225513458252,
          0.019176989793777466
        ],
        [
          0.009063400328159332,
          -0.8511393070220947,
          0.5248615741729736,
          2.1157846450805664
        ],
        [
          0.0,
          0.5248831510543823,
          0.8511742949485779,
          3.4311933517456055
        ],
        [
          0.0,
          0.0,
          0.0,
          1.0
        ]
      ]
    },
    {
      "file_path": "./train/r_16",
      "rotation": 0.012566370614359171,
      "transform_matrix": [
        [
          0.6201189160346985,
          0.13934694230556488,
          -0.7720329761505127,
          -3.1121644973754883
        ],
        [
          -0.7845078110694885,
          0.1101476401090622,
          -0.610258162021637,
          -2.460029363632202
        ],
        [
          0.0,
          0.984098494052887,
          0.17762340605258942,
          0.7160228490829468
        ],
        [
          0.0,
          0.0,
          0.0,
          1.0
        ]
      ]
    },
    {
      "file_path": "./train/r_17",
      "rotation": 0.012566370614359171,
      "transform_matrix": [
        [
          -0.6989414691925049,
          -0.5353379845619202,
          -0.474230021238327,
          -1.9116824865341187
        ],
        [
          -0.7151789665222168,
          0.5231835842132568,
          0.46346303820610046,
          1.8682793378829956
        ],
        [
          -1.4901161193847656e-08,
          0.6630927920341492,
          -0.7485370635986328,
          -3.0174496173858643
        ],
        [
          0.0,
          0.0,
          0.0,
          1.0
        ]
      ]
    },
    {
      "file_path": "./train/r_18",
      "rotation": 0.012566370614359171,
      "transform_matrix": [
        [
          0.8682831525802612,
          0.002038974780589342,
          -0.4960647225379944,
          -1.999700903892517
        ],
        [
          -0.49606892466545105,
          0.00356887374073267,
          -0.8682757616043091,
          -3.500131607055664
        ],
        [
          0.0,
          0.9999915957450867,
          0.004110264591872692,
          0.01656900718808174
        ],
        [
          0.0,
          0.0,
          0.0,
          1.0
        ]
      ]
    },
    {
      "file_path": "./train/r_19",
      "rotation": 0.012566370614359171,
      "transform_matrix": [
        [
          0.6995679140090942,
          0.6616824865341187,
          -0.26977941393852234,
          -1.0875155925750732
        ],
        [
          -0.7145661115646362,
          0.6477943062782288,
          -0.26411697268486023,
          -1.0646895170211792
        ],
        [
          -1.4901161193847656e-08,
          0.3775428533554077,
          0.9259920716285706,
          3.7327933311462402
        ],
        [
          0.0,
          0.0,
          0.0,
          1.0
        ]
      ]
    }
  ]
}
