{
  "camera_angle_x": 0.6911112070083618,
  "frames": [
    {
      "file_path": "./train/r_0",
      "rotation": 0.012566370614359171,
      "transform_matrix": [
        [
          -0.04659058526158333,
          0.17529651522636414,
          -0.9834126234054565,
          -3.9642629623413086
        ],
        [
          -0.9989140629768372,
          -0.008176046423614025,
          0.04586757719516754,
          0.18489810824394226
        ],
        [
          -9.313225746154785e-10,
          0.984481692314148,
          0.17548708617687225,
          0.7074110507965088
        ],
        [
          0.0,
          0.0,
          0.0,
          1.0
        ]
      ]
    },
    {
      "file_path": "./train/r_1",
      "rotation": 0.012566370614359171,
      "transform_matrix": [
        [
          -0.3837582468986511,
          -0.6134429574012756,
          0.6902299523353577,
          2.7824058532714844
        ],
        [
          0.9234336018562317,
          -0.25493308901786804,
          0.28684404492378235,
          1.1563053131103516
        ],
        [
          -1.4901161193847656e-08,
          0.7474602460861206,
          0.6643065214157104,
          2.677905321121216
        ],
        [
          0.0,
          0.0,
          0.0,
          1.0
        ]
      ]
    },
    {
      "file_path": "./train/r_2",
      "rotation": 0.012566370614359171,
      "transform_matrix": [
        [
          0.8146438002586365,
          -0.3779926598072052,
          0.43986013531684875,
          1.7731329202651978
        ],
        [
          0.5799614787101746,
          0.5309479236602783,
          -0.6178501844406128,
          -2.490633726119995
        ],
        [
          1.4901160305669237e-08,
          0.7584297060966492,
          0.6517547369003296,
          2.627307415008545
        ],
        [
          0.0,
          0.0,
          0.0,
          1.0
        ]
      ]
    },
    {
      "file_path": "./train/r_3",
      "rotation": 0.012566370614359171,
      "transform_matrix": [
        [
          0.7381561994552612,
          -0.544955849647522,
          0.3976789712905884,
          1.603095293045044
        ],
        [
          0.6746298670768738,
          0.5962714552879333,
          -0.43512630462646484,
          -1.754050374031067
        ],
        [
          0.0,
          0.5894773602485657,
          0.8077847957611084,
          3.2562849521636963
        ],
        [
          0.0,
          0.0,
          0.0,
          1.0
        ]
      ]
    },
    {
      "file_path": "./train/r_4",
      "rotation": 0.012566370614359171,
      "transform_matrix": [
        [
          -0.9515889286994934,
          0.3073734641075134,
          -0.000439176510553807,
          -0.0017703771591186523
        ],
        [
          -0.3073737919330597,
          -0.9515879154205322,
          0.0013596329372376204,
          0.005480855703353882
        ],
        [
          2.9103830456733704e-11,
          0.0014183608582243323,
          0.9999990463256836,
          4.031125068664551
        ],
        [
          0.0,
          0.0,
          0.0,
          1.0
        ]
      ]
    },
    {
      "file_path": "./train/r_5",
      "rotation": 0.012566370614359171,
      "transform_matrix": [
        [
          -0.6407920122146606,
          0.22597837448120117,
          -0.7337024211883545,
          -2.957648992538452
        ],
        [
          -0.7677144408226013,
          -0.1886184960603714,
          0.6124030947685242,
          2.4686758518218994
        ],
        [
          1.4901161193847656e-08,
          0.9556970000267029,
          0.29435208439826965,
          1.1865712404251099
        ],
        [
          0.0,
          0.0,
          0.0,
          1.0
        ]
      ]
    },
    {
      "file_path": "./train/r_6",
      "rotation": 0.012566370614359171,
      "transform_matrix": [
        [
          -0.4849722683429718,
          -0.562161386013031,
          0.6699077486991882,
          2.7004847526550293
        ],
        [
          0.8745296001434326,
          -0.31174781918525696,
          0.37149882316589355,
          1.4975597858428955
        ],
        [
          -1.4901161193847656e-08,
          0.7660208940505981,
          0.6428156495094299,
          2.591273069381714
        ],
        [
          0.0,
          0.0,
          0.0,
          1.0
        ]
      ]
    },
    {
      "file_path": "./train/r_7",
      "rotation": 0.012566370614359171,
      "transform_matrix": [
        [
          -0.9083366394042969,
          -0.23910480737686157,
          0.3431524336338043,
          1.3832918405532837
        ],
        [
          0.4182400703430176,
          -0.5192894339561462,
          0.7452607750892639,
          3.004242420196533
        ],
        [
          0.0,
          0.8204677104949951,
          0.5716927647590637,
          2.304567575454712
        ],
        [
          0.0,
          0.0,
          0.0,
          1.0
        ]
      ]
    },
    {
      "file_path": "./train/r_8",
      "rotation": 0.012566370614359171,
      "transform_matrix": [
        [
          -0.7612887024879456,
          -0.44055718183517456,
          0.4757613241672516,
          1.9178552627563477
        ],
        [
          0.6484130620956421,
          -0.5172492861747742,
          0.5585817694664001,
          2.2517151832580566
        ],
        [
          0.0,
          0.7337318658828735,
          0.679439127445221,
          2.7389066219329834
        ],
        [
          0.0,
          0.0,
          0.0,
          1.0
        ]
      ]
    },
    {
      "file_path": "./train/r_9",
      "rotation": 0.012566370614359171,
      "transform_matrix": [
        [
          -0.10690297186374664,
          -0.5607009530067444,
          0.8210883736610413,
          3.309913158416748
        ],
        [
          0.9942693710327148,
          -0.06028607115149498,
          0.08828269690275192,
          0.35587894916534424
        ],
        [
          0.0,
          0.825820803642273,
          0.5639325976371765,
          2.273284912109375
        ],
        [
          0.0,
          0.0,
          0.0,
          1.0
        ]
      ]
    },
    {
      "file_path": "./train/r_10",
      "rotation": 0.012566370614359171,
      "transform_matrix": [
        [
          -0.4762652516365051,
          0.1514950841665268,
          -0.8661527633666992,
          -3.4915735721588135
        ],
        [
          -0.8793016076087952,
          -0.08205585926771164,
          0.4691433012485504,
          1.8911771774291992
        ],
        [
          0.0,
          0.9850462675094604,
          0.17229023575782776,
          0.6945241689682007
        ],
        [
          0.0,
          0.0,
          0.0,
          1.0
        ]
      ]
    },
    {
      "file_path": "./train/r_11",
      "rotation": 0.012566370614359171,
      "transform_matrix": [
        [
          0.46710333228111267,
          0.8708292245864868,
          -0.15320220589637756,
          -0.617577850818634
        ],
        [
          -0.884202778339386,
          0.4600383937358856,
          -0.0809330865740776,
          -0.32625171542167664
        ],
        [
          0.0,
          0.17326587438583374,
          0.9848750829696655,
          3.970158338546753
        ],
        [
          0.0,
          0.0,
          0.0,
          1.0
        ]
      ]
    },
    {
      "file_path": "./train/r_12",
      "rotation": 0.012566370614359171,
      "transform_matrix": [
        [
          0.9668280482292175,
          0.19056621193885803,
          -0.17008273303508759,
          -0.685625433921814
        ],
        [
          -0.2554283142089844,
          0.721316933631897,
          -0.6437843441963196,
          -2.59517765045166
        ],
        [
          7.450580596923828e-09,
          0.6658726930618286,
          0.7460653781890869,
          3.0074856281280518
        ],
        [
          0.0,
          0.0,
          0.0,
          1.0
        ]
      ]
    },
    {
      "file_path": "./train/r_13",
      "rotation": 0.012566370614359171,
      "transform_matrix": [
        [
          -0.4094095230102539,
          -0.9009892344474792,
          0.1435338407754898,
          0.5786033868789673
        ],
        [
          0.9123506546020508,
          -0.4043112099170685,
          0.06440958380699158,
          0.2596433460712433
        ],
        [
          -3.725290076417309e-09,
          0.15732330083847046,
          0.9875472187995911,
          3.9809298515319824
        ],
        [
          0.0,
          0.0,
          0.0,
          1.0
        ]
      ]
    },
    {
      "file_path": "./train/r_14",
      "rotation": 0.012566370614359171,
      "transform_matrix": [
        [
          -0.0232132188975811,
          -0.7149856686592102,
          0.6987535953521729,
          2.816765785217285
        ],
        [
          0.9997305870056152,
          -0.01660159043967724,
          0.01622469164431095,
          0.06540382653474808
        ],
        [
          0.0,
          0.6989418864250183,
          0.715178370475769,
          2.8829762935638428
        ],
        [
          0.0,
          0.0,
          0.0,
          1.0
        ]
      ]
    },
    {
      "file_path": "./train/r_15",
      "rotation": 0.012566370614359171,
      "transform_matrix": [
        [
          0.2950971722602844,
          -0.47609782218933105,
          0.8284011483192444,
          3.3393919467926025
        ],
        [
          0.955467164516449,
          0.147043377161026,
          -0.25585266947746277,
          -1.0313750505447388
        ],
        [
          -7.450580596923828e-09,
          0.867011547088623,
          0.49828794598579407,
          2.0086629390716553
        ],
        [
          0.0,
          0.0,
          0.0,
          1.0
        ]
      ]
    },
    {
      "file_path": "./train/r_16",
      "rotation": 0.012566370614359171,
      "transform_matrix": [
        [
          0.2907449007034302,
          -0.4693387746810913,
          0.8337796926498413,
          3.3610734939575195
        ],
        [
          0.956800639629364,
          0.14261890947818756,
          -0.2533622980117798,
          -1.0213360786437988
        ],
        [
          0.0,
          0.8714247345924377,
          0.49052929878234863,
          1.9773868322372437
        ],
        [
          0.0,
          0.0,
          0.0,
          1.0
        ]
      ]
    },
    {
      "file_path": "./train/r_17",
      "rotation": 0.012566370614359171,
      "transform_matrix": [
        [
          0.8987835049629211,
          -0.4123098850250244,
          0.1489587426185608,
          0.6004718542098999
        ],
        [
          0.43839263916015625,
          0.8453091979026794,
          -0.3053921163082123,
          -1.2310748100280762
        ],
        [
          -1.4901158529312397e-08,
          0.3397837281227112,
          0.9405036568641663,
          3.7912909984588623
        ],
        [
          0.0,
          0.0,
          0.0,
          1.0
        ]
      ]
    },
    {
      "file_path": "./train/r_18",
      "rotation": 0.012566370614359171,
      "transform_matrix": [
        [
          0.2300959974527359,
          -0.6052941679954529,
          0.7620203495025635,
          3.0718019008636475
        ],
        [
          0.9731679558753967,
          0.1431158483028412,
          -0.18017220497131348,
          -0.7262973189353943
        ],
        [
          0.0,
          0.7830305695533752,
          0.6219832301139832,
          2.507294178009033
        ],
        [
          0.0,
          0.0,
          0.0,
          1.0
        ]
      ]
    },
    {
      "file_path": "./train/r_19",
      "rotation": 0.012566370614359171,
      "transform_matrix": [
        [
          0.7499865889549255,
          0.6417388319969177,
          -0.16028554737567902,
          -0.6461316347122192
        ],
        [
          -0.661453127861023,
          0.727633535861969,
          -0.18173925578594208,
          -0.732614278793335
        ],
        [
          0.0,
          0.24232351779937744,
          0.9701955914497375,
          3.910983085632324
        ],
        [
          0.0,
          0.0,
          0.0,
          1.0
        ]
      ]
    }
  ]
}
